30 11 1
30 25 1
30 22 1
30 46 1
30 44 1
30 36 1
30 53 1
30 52 1
30 19 1
28 2 1
28 8 1
28 26 1
28 27 1
28 18 1
29 9 1
29 31 1
29 2 1
29 21 1
29 48 1
60 9 1
60 46 1
60 37 1
60 4 1
60 16 1
61 33 1
62 54 1
62 3 1
62 38 1
35 34 1
35 45 1
35 15 1
35 50 1
35 38 1
34 39 1
34 38 1
34 15 1
34 17 1
34 22 1
34 44 1
34 51 1
34 13 1
34 41 1
23 18 1
24 46 1
24 37 1
24 52 1
25 15 1
25 16 1
25 19 1
25 52 1
25 46 1
26 18 1
26 27 1
27 2 1
20 55 1
20 8 1
20 31 1
20 2 1
21 39 1
21 48 1
21 17 1
21 19 1
21 51 1
21 45 1
21 37 1
21 9 1
48 11 1
48 31 1
48 43 1
48 1 1
49 58 1
46 38 1
46 22 1
46 16 1
46 19 1
46 51 1
46 52 1
46 9 1
47 44 1
47 50 1
44 39 1
44 38 1
44 15 1
44 54 1
45 39 1
45 3 1
42 55 1
42 10 1
42 2 1
42 14 1
42 58 1
43 11 1
43 31 1
43 51 1
43 1 1
43 3 1
40 37 1
40 58 1
41 38 1
41 15 1
41 16 1
41 37 1
41 53 1
41 1 1
41 8 1
1 11 1
1 15 1
1 16 1
3 11 1
2 55 1
2 37 1
2 18 1
5 52 1
4 9 1
4 15 1
7 10 1
7 58 1
7 55 1
7 18 1
7 57 1
7 14 1
6 10 1
6 57 1
6 58 1
6 14 1
9 38 1
8 55 1
8 31 1
12 52 1
17 39 1
17 38 1
17 15 1
17 51 1
15 39 1
15 38 1
15 51 1
15 53 1
32 18 1
58 10 1
58 14 1
58 55 1
58 18 1
10 14 1
10 33 1
10 18 1
39 53 1
39 59 1
38 22 1
38 37 1
22 19 1
22 52 1
14 33 1
14 18 1
14 55 1
16 56 1
16 19 1
19 52 1
56 52 1
51 52 1
