6 0 0.0000 0.0000 888888.0000 1.0000 0 0.0000
12 0 0.0000 0.0000 888888.0000 1.0000 0 0.0000
14 0 0.0000 0.0000 888888.0000 1.0000 0 0.0000
36 0 0.0000 0.0000 888888.0000 1.0000 0 0.0000
38 0 0.0000 0.0000 888888.0000 1.0000 0 0.0000
46 0 0.0000 0.0000 888888.0000 1.0000 0 0.0000
74 0 0.0000 0.0000 888888.0000 1.0000 0 0.0000
78 638 822.4100 13.5878 -13.5717 1.0000 15 870.3956
98 0 0.0000 0.0000 888888.0000 1.0000 0 0.0000
102 0 0.0000 0.0000 888888.0000 1.0000 0 0.0000
108 0 0.0000 0.0000 888888.0000 1.0000 0 0.0000
110 0 0.0000 0.0000 888888.0000 1.0000 0 0.0000
238 95 33.5300 4.5293 13.5717 0.0000 9 129.6044
